Gamma=  0.2
temp_arr = np.linspace(0.08, 0.01,20)

Delta_h_list:[0.6562976148718894, 0.6563163003185387, 0.6563295674108767, 0.6563385621544902, 0.6563444083032798, 0.6563480521020011, 0.6563501056540461, 0.6563512515258686, 0.6563517838583081, 0.6563520265638841, 0.6563521027221542, 0.6563521462717985, 0.6563521659448293, 0.6563521513825481, 0.6563521610480922, 0.6563521670458147, 0.6563521547200896, 0.6563521610592091, 0.6563521596505426, 0.6563521656374769]
Delta_e_list:[-1.1627223164003402, -1.1627733002689806, -1.1628094838401188, -1.162834063153396, -1.162850048361466, -1.16285997490357, -1.1628656205480374, -1.1628687253322667, -1.16287019246428, -1.1628708502171718, -1.162871070986734, -1.1628711751146978, -1.1628712166810637, -1.1628711921422294, -1.1628712094030837, -1.1628712200305562, -1.1628711982121498, -1.1628712094335258, -1.162871206939927, -1.1628712175379006]